-1.000000000000000000e+00 7.715302128864316433e-01 -3.723880028523274821e-01
-1.000000000000000000e+00 -1.189406465453689332e+00 -3.512978108412025957e-01
1.000000000000000000e+00 -1.392962825373066788e-02 -3.256372768481498314e-02
1.000000000000000000e+00 -1.640805619993263575e-01 -1.835013838749142145e-01
1.000000000000000000e+00 -1.997304918027350551e-01 1.083805369256837375e-01
-1.000000000000000000e+00 -1.639646733869848383e-02 9.545927772382871712e-01
1.000000000000000000e+00 2.913068444302200355e-01 1.398832385294173919e-01
-1.000000000000000000e+00 -7.964033970393801232e-01 2.316577811873091752e-01
-1.000000000000000000e+00 -8.080327674419744977e-01 3.078217419781641984e-01
-1.000000000000000000e+00 -3.361177876684605104e-01 -8.546955160885760794e-01
1.000000000000000000e+00 -7.197418639907494642e-01 -4.173093266143195201e-01
1.000000000000000000e+00 -1.410750621147346950e-01 3.870425878505460160e-01
-1.000000000000000000e+00 -6.704984821292531150e-02 7.655011695916803527e-01
-1.000000000000000000e+00 -1.354277881122041949e+00 -6.260717663481739637e-01
-1.000000000000000000e+00 2.598588287555420040e-02 9.259623886912381474e-01
-1.000000000000000000e+00 -3.339150068341796285e-01 1.016470119756829327e+00
-1.000000000000000000e+00 3.385111787057581978e-02 -1.303029508081394505e+00
-1.000000000000000000e+00 6.720810802177401566e-01 3.014501768546875571e-01
-1.000000000000000000e+00 3.923128271076850027e-01 -1.176180584633081283e+00
-1.000000000000000000e+00 -6.311440363132531095e-02 -8.244041302262655746e-01
-1.000000000000000000e+00 1.390960142914199893e-01 9.784337103799953805e-01
1.000000000000000000e+00 -1.470545334234930057e-01 -2.996989341360234427e-01
-1.000000000000000000e+00 9.452245005454081861e-01 1.934066436265950706e-01
-1.000000000000000000e+00 4.190344198810075360e-01 -6.833657321160618858e-01
1.000000000000000000e+00 -3.720113650740626832e-01 2.035220630617779469e-01
1.000000000000000000e+00 -3.943452063322815393e-01 3.433955915503906359e-02
1.000000000000000000e+00 5.686217597839083870e-01 -1.501722484700022120e-01
1.000000000000000000e+00 3.044409176615358037e-01 4.876721888560266172e-02
-1.000000000000000000e+00 7.854312830440598470e-01 -4.868388107021937583e-01
-1.000000000000000000e+00 8.299195930474088101e-01 -2.072234434800193648e-01
-1.000000000000000000e+00 7.668782883318560062e-01 -9.095863983398194685e-01
1.000000000000000000e+00 -4.927056226752433710e-01 -3.697139257003608792e-01
1.000000000000000000e+00 -2.059917636446572664e-01 -3.378413284042015852e-02
-1.000000000000000000e+00 5.951469774787835343e-01 -9.742889937212257934e-01
-1.000000000000000000e+00 7.008342163767544708e-01 8.465700432847689250e-01
-1.000000000000000000e+00 4.422044988604830751e-01 7.647166974108452475e-01
1.000000000000000000e+00 2.119460835780158092e-01 3.996320260823277293e-02
1.000000000000000000e+00 1.397668971182018105e-01 -1.247786445196908539e-01
1.000000000000000000e+00 2.994617142587199798e-01 2.373252323013874676e-02
-1.000000000000000000e+00 1.182263724621052781e+00 1.838816748338003848e-01
1.000000000000000000e+00 5.974407973066980793e-02 -2.053447418328016028e-01
1.000000000000000000e+00 4.091554752718847277e-01 -1.269803502272098261e-01
1.000000000000000000e+00 -2.118898693301791147e-01 -4.431727989652506916e-01
1.000000000000000000e+00 -4.226017086025819491e-01 -9.000464372945934932e-02
-1.000000000000000000e+00 -1.306577081639450355e-01 -9.230731427399035960e-01
1.000000000000000000e+00 2.046166610747776615e-02 1.835944551032483163e-01
-1.000000000000000000e+00 -1.103759236363200946e+00 -2.093388883024401292e-01
1.000000000000000000e+00 -8.310584754781105699e-02 3.258448738974876191e-01
1.000000000000000000e+00 -1.329328817503054039e-01 -4.505946896476518693e-01
1.000000000000000000e+00 -1.396008340995176233e-01 1.906211841024310349e-01
-1.000000000000000000e+00 1.144925029987697851e+00 5.222473879275609798e-01
1.000000000000000000e+00 -5.376064413723311702e-02 -1.144944427795566710e-01
-1.000000000000000000e+00 1.313154498638484213e+00 8.482418159337594687e-01
-1.000000000000000000e+00 -4.559104343191259789e-01 9.264899771303519715e-01
1.000000000000000000e+00 1.064431899226439410e-01 -5.001836178318561643e-01
1.000000000000000000e+00 -6.726249773263276444e-01 1.994172352110295254e-01
1.000000000000000000e+00 6.758258086278987053e-03 4.664574825110848200e-02
-1.000000000000000000e+00 9.010466398154325374e-01 1.026745712034426328e+00
-1.000000000000000000e+00 7.162313427306935543e-01 -4.925435381703738846e-01
-1.000000000000000000e+00 -2.910695824189879488e-01 9.896782787720224128e-01
-1.000000000000000000e+00 -6.783720565426309967e-01 -1.157054664017413526e+00
-1.000000000000000000e+00 -1.098052573840378132e+00 3.784944643630875349e-01
-1.000000000000000000e+00 -5.831441805044503823e-01 -3.173014650554045746e-02
1.000000000000000000e+00 -8.678868449430733600e-02 -1.279673225683494731e-02
1.000000000000000000e+00 -4.175499227459700952e-02 3.999505003290904082e-01
-1.000000000000000000e+00 -6.110636674915096433e-01 8.573050517898298528e-01
1.000000000000000000e+00 5.272575233723706400e-01 2.193412735787044487e-01
-1.000000000000000000e+00 4.217767882274526814e-01 1.827849475609245322e-01
1.000000000000000000e+00 2.630154736965301665e-01 3.312760652024004937e-01
-1.000000000000000000e+00 -1.090753597141328246e+00 4.740631010312609250e-01
1.000000000000000000e+00 3.159188326699994415e-02 -1.417925219354070898e-01
1.000000000000000000e+00 -1.347145484384346670e-01 7.211234367895637265e-02
1.000000000000000000e+00 -3.345134054160292525e-01 4.964816719560763425e-01
1.000000000000000000e+00 -1.494220061746984185e-01 9.113020610280268829e-02
1.000000000000000000e+00 -8.913210077552810584e-02 1.040865942449176879e-02
-1.000000000000000000e+00 -3.858022700997829069e-01 -8.887787593139409026e-01
1.000000000000000000e+00 -4.092551100362050165e-01 1.619761259867128766e-01
1.000000000000000000e+00 -4.080808513717255614e-01 3.336947169584557060e-01
1.000000000000000000e+00 -1.470815788753718212e-01 4.805404751165205934e-01
1.000000000000000000e+00 5.885548557244087153e-02 4.482003451891131141e-01
-1.000000000000000000e+00 2.121426596762175931e-01 8.238720780364547913e-01
-1.000000000000000000e+00 2.835980688691322471e-01 -1.159954459227207080e+00
-1.000000000000000000e+00 9.250467624005824785e-01 1.381730504655513947e+00
1.000000000000000000e+00 4.264263108879670083e-01 1.118269940200767865e-01
1.000000000000000000e+00 -3.446437783865106130e-01 9.305008793373212295e-02
1.000000000000000000e+00 6.532797221999211978e-02 4.642960254134562148e-02
1.000000000000000000e+00 1.059756212262414760e-01 6.321577896100064042e-03
-1.000000000000000000e+00 -9.520257398283458183e-01 -7.381896841895125849e-01
-1.000000000000000000e+00 -9.971298430860972006e-01 -5.158166982387775157e-01
-1.000000000000000000e+00 -2.902020598995359024e-01 -1.297581142147397948e+00
1.000000000000000000e+00 2.426518353232409997e-01 4.573578228076721208e-01
1.000000000000000000e+00 1.957442612450310815e-01 9.832062134713670520e-02
-1.000000000000000000e+00 -1.107254139131784054e+00 -1.947386975212174187e-01
-1.000000000000000000e+00 -6.560187783616197033e-01 6.723219072746582370e-01
-1.000000000000000000e+00 -8.630119209782671774e-01 1.225663497277491298e-01
1.000000000000000000e+00 9.583125931317845736e-02 2.651075511315881816e-01
1.000000000000000000e+00 -4.217596021525198136e-02 -5.200975808375328802e-01
1.000000000000000000e+00 -6.090547353231973854e-02 -6.057209575064013141e-01
-1.000000000000000000e+00 1.264775418756067804e+00 1.576892915013568541e-01
-1.000000000000000000e+00 -1.214647845500632872e+00 -6.558604744011733434e-01
